2.342885255813598633e+00
2.301168441772460938e+00
2.204306840896606445e+00
2.216953992843627930e+00
2.179724454879760742e+00
2.121020078659057617e+00
2.090338706970214844e+00
1.988078594207763672e+00
2.063548326492309570e+00
2.083756446838378906e+00
1.995750308036804199e+00
1.917248249053955078e+00
1.867006301879882812e+00
1.855443120002746582e+00
1.920704007148742676e+00
1.736843228340148926e+00
1.729994416236877441e+00
1.738384485244750977e+00
1.746353149414062500e+00
1.658405542373657227e+00
1.602585554122924805e+00
1.624363303184509277e+00
1.667382121086120605e+00
1.635723829269409180e+00
1.623340845108032227e+00
1.556511759757995605e+00
1.557326316833496094e+00
1.536878824234008789e+00
1.448587059974670410e+00
1.462555766105651855e+00
1.513069987297058105e+00
1.513884544372558594e+00
1.422047138214111328e+00
1.322405099868774414e+00
1.466652750968933105e+00
1.526785135269165039e+00
1.341569662094116211e+00
1.298599481582641602e+00
1.211286902427673340e+00
1.275040745735168457e+00
1.319472908973693848e+00
1.318188190460205078e+00
1.227026939392089844e+00
1.214275598526000977e+00
1.209156394004821777e+00
1.177992939949035645e+00
1.281999707221984863e+00
1.181658506393432617e+00
1.213349103927612305e+00
1.259952425956726074e+00
1.149424552917480469e+00
1.201220750808715820e+00
1.208705782890319824e+00
1.165740609169006348e+00
1.105796575546264648e+00
1.190810680389404297e+00
1.134974360466003418e+00
1.053540349006652832e+00
1.106188893318176270e+00
1.118221282958984375e+00
1.121606945991516113e+00
1.175400376319885254e+00
1.061176776885986328e+00
1.043845057487487793e+00
9.709960222244262695e-01
1.017066597938537598e+00
1.096811056137084961e+00
1.037745594978332520e+00
1.050756812095642090e+00
9.532510638236999512e-01
9.201669692993164062e-01
9.308768510818481445e-01
9.916726350784301758e-01
9.079688191413879395e-01
8.400032520294189453e-01
9.207218289375305176e-01
8.640965819358825684e-01
9.555531740188598633e-01
9.970030784606933594e-01
1.059969067573547363e+00
9.227281212806701660e-01
8.986107707023620605e-01
9.528878927230834961e-01
1.001998662948608398e+00
7.823284268379211426e-01
9.645736217498779297e-01
7.683960199356079102e-01
8.146625161170959473e-01
8.890435099601745605e-01
9.563080668449401855e-01
8.100391030311584473e-01
8.092334270477294922e-01
9.766859412193298340e-01
7.935022115707397461e-01
9.323084950447082520e-01
7.775352597236633301e-01
7.532711625099182129e-01
7.800129055976867676e-01
7.634962797164916992e-01
7.121765017509460449e-01
7.961738705635070801e-01
8.392001390457153320e-01
7.152915596961975098e-01
7.957907319068908691e-01
8.551148176193237305e-01
7.523823976516723633e-01
7.584092617034912109e-01
8.123991489410400391e-01
8.484849929809570312e-01
8.098197579383850098e-01
7.884179353713989258e-01
8.856662511825561523e-01
7.623346447944641113e-01
6.980753540992736816e-01
7.302420139312744141e-01
6.811938881874084473e-01
9.586722850799560547e-01
6.773822903633117676e-01
7.281433939933776855e-01
8.651131987571716309e-01
7.711305618286132812e-01
6.529589295387268066e-01
6.148114204406738281e-01
6.925306320190429688e-01
6.336607933044433594e-01
6.663883924484252930e-01
7.183185219764709473e-01
6.430199742317199707e-01
6.131005287170410156e-01
7.809278964996337891e-01
6.678764224052429199e-01
6.013958454132080078e-01
8.485947847366333008e-01
8.582601547241210938e-01
6.311189532279968262e-01
6.753838658332824707e-01
5.099139213562011719e-01
7.477316260337829590e-01
5.759798288345336914e-01
7.183794975280761719e-01
6.758730411529541016e-01
7.448912858963012695e-01
7.010142207145690918e-01
6.455426216125488281e-01
7.254655361175537109e-01
7.242389321327209473e-01
6.595252156257629395e-01
6.181410551071166992e-01
7.542067766189575195e-01
7.152006030082702637e-01
5.875297188758850098e-01
7.374788522720336914e-01
6.247445344924926758e-01
6.550720930099487305e-01
6.863475441932678223e-01
8.711670041084289551e-01
6.125933527946472168e-01
7.068322896957397461e-01
6.385833621025085449e-01
7.657582759857177734e-01
6.112711429595947266e-01
6.730256080627441406e-01
7.136744260787963867e-01
6.459879875183105469e-01
7.130393385887145996e-01
7.296063899993896484e-01
6.872954368591308594e-01
6.228180527687072754e-01
6.844626069068908691e-01
7.094674110412597656e-01
6.843461394309997559e-01
7.647023200988769531e-01
6.681863665580749512e-01
6.861417293548583984e-01
5.686606168746948242e-01
6.002191901206970215e-01
8.409603238105773926e-01
5.022957324981689453e-01
7.860897183418273926e-01
6.066623926162719727e-01
6.828190088272094727e-01
4.390063285827636719e-01
5.584865212440490723e-01
5.483863949775695801e-01
6.657398939132690430e-01
7.542242407798767090e-01
5.699990391731262207e-01
5.478389263153076172e-01
6.500851511955261230e-01
5.023819804191589355e-01
7.498652338981628418e-01
6.478559374809265137e-01
6.424738168716430664e-01
6.030580401420593262e-01
6.850903630256652832e-01
6.025785207748413086e-01
5.069527029991149902e-01
5.809006094932556152e-01
7.277984023094177246e-01
5.720826387405395508e-01
5.417478680610656738e-01
5.454664826393127441e-01
5.296658277511596680e-01
5.560590624809265137e-01
4.290962219238281250e-01
6.541138887405395508e-01
5.413135290145874023e-01
5.650082826614379883e-01
6.565267443656921387e-01
6.350571513175964355e-01
6.024920344352722168e-01
6.969486474990844727e-01
6.065430641174316406e-01
4.917809069156646729e-01
6.109573245048522949e-01
5.024371743202209473e-01
5.163190960884094238e-01
4.817701876163482666e-01
4.876549839973449707e-01
4.923807680606842041e-01
7.048792243003845215e-01
6.475535631179809570e-01
4.507462680339813232e-01
5.749992132186889648e-01
4.480186998844146729e-01
6.376081705093383789e-01
5.533622503280639648e-01
4.731980860233306885e-01
4.963468909263610840e-01
4.866251647472381592e-01
5.637727379798889160e-01
6.102610230445861816e-01
7.584991455078125000e-01
3.880536556243896484e-01
5.902540683746337891e-01
6.049681901931762695e-01
4.873388111591339111e-01
5.996388792991638184e-01
6.017767190933227539e-01
6.948376893997192383e-01
6.573424935340881348e-01
6.816743612289428711e-01
4.302568435668945312e-01
3.909120857715606689e-01
5.284338593482971191e-01
5.836416482925415039e-01
6.130934357643127441e-01
5.158259868621826172e-01
6.012628078460693359e-01
4.052180945873260498e-01
5.311703085899353027e-01
4.897813200950622559e-01
6.415273547172546387e-01
5.649959444999694824e-01
4.844610095024108887e-01
5.968206524848937988e-01
5.306745171546936035e-01
6.389124989509582520e-01
5.628312826156616211e-01
6.011814475059509277e-01
4.915964603424072266e-01
6.228253841400146484e-01
6.519399881362915039e-01
4.719224572181701660e-01
6.210662126541137695e-01
4.288309812545776367e-01
5.540345311164855957e-01
4.836828112602233887e-01
6.701436042785644531e-01
5.836977362632751465e-01
5.633342266082763672e-01
4.244143068790435791e-01
4.822484552860260010e-01
3.163440525531768799e-01
5.498335361480712891e-01
6.509433388710021973e-01
6.310274600982666016e-01
6.245244145393371582e-01
5.226486325263977051e-01
6.197360157966613770e-01
3.209359943866729736e-01
6.174299716949462891e-01
4.509991407394409180e-01
5.722419619560241699e-01
4.494173526763916016e-01
5.411089062690734863e-01
5.683947801589965820e-01
3.782068192958831787e-01
4.209227859973907471e-01
4.291231036186218262e-01
5.239841341972351074e-01
6.378576159477233887e-01
4.629467427730560303e-01
4.650329053401947021e-01
4.850421547889709473e-01
4.659496545791625977e-01
5.211890339851379395e-01
6.827716827392578125e-01
4.701343774795532227e-01
3.527022302150726318e-01
4.811385869979858398e-01
4.469679296016693115e-01
3.756385147571563721e-01
5.264558792114257812e-01
3.918433785438537598e-01
5.149962306022644043e-01
5.007768869400024414e-01
4.729611575603485107e-01
3.518562912940979004e-01
4.503251910209655762e-01
4.422017931938171387e-01
4.488672316074371338e-01
4.834952354431152344e-01
5.684919357299804688e-01
4.864670932292938232e-01
6.355838179588317871e-01
4.734243452548980713e-01
5.258435606956481934e-01
4.173710048198699951e-01
3.374420404434204102e-01
3.432475626468658447e-01
4.463348090648651123e-01
3.717286586761474609e-01
4.227698743343353271e-01
5.995459556579589844e-01
3.829892575740814209e-01
5.738707780838012695e-01
5.159333348274230957e-01
3.751192092895507812e-01
3.541884422302246094e-01
4.288127720355987549e-01
5.312061905860900879e-01
4.275190830230712891e-01
5.002328753471374512e-01
5.120449662208557129e-01
5.017962455749511719e-01
4.152605235576629639e-01
3.490294218063354492e-01
4.843649864196777344e-01
4.540589749813079834e-01
3.907399475574493408e-01
5.364714264869689941e-01
5.734701156616210938e-01
5.042945742607116699e-01
5.713583230972290039e-01
5.224570631980895996e-01
6.132748126983642578e-01
4.126131236553192139e-01
4.664049148559570312e-01
5.827780961990356445e-01
4.944604039192199707e-01
5.514485836029052734e-01
3.560565114021301270e-01
5.505095720291137695e-01
6.382067799568176270e-01
3.820291161537170410e-01
5.216608643531799316e-01
3.650077581405639648e-01
6.709888577461242676e-01
3.220621943473815918e-01
4.837640225887298584e-01
4.285598695278167725e-01
5.253177285194396973e-01
4.550806879997253418e-01
5.341880917549133301e-01
3.367812633514404297e-01
4.798284471035003662e-01
6.808941960334777832e-01
5.191404819488525391e-01
4.639566540718078613e-01
3.627510666847229004e-01
4.101691246032714844e-01
4.591384530067443848e-01
6.307157874107360840e-01
3.527194857597351074e-01
3.229904174804687500e-01
3.956929147243499756e-01
3.860763907432556152e-01
4.662281572818756104e-01
4.510981440544128418e-01
4.844896197319030762e-01
4.955644011497497559e-01
6.571706533432006836e-01
4.221287369728088379e-01
3.653451204299926758e-01
4.802103340625762939e-01
5.484629273414611816e-01
4.762753248214721680e-01
4.779651463031768799e-01
5.046999454498291016e-01
3.855772316455841064e-01
4.537634551525115967e-01
6.173139810562133789e-01
4.493777453899383545e-01
4.661780297756195068e-01
3.590934872627258301e-01
4.538705050945281982e-01
3.904357552528381348e-01
5.870848298072814941e-01
5.343717932701110840e-01
4.623329937458038330e-01
5.019215941429138184e-01
4.458798170089721680e-01
5.278834700584411621e-01
4.426864385604858398e-01
4.234334528446197510e-01
4.469447135925292969e-01
4.385614097118377686e-01
5.485796332359313965e-01
3.045081794261932373e-01
5.672311782836914062e-01
5.525621771812438965e-01
4.265109300613403320e-01
3.581287562847137451e-01
4.508528113365173340e-01
3.720358312129974365e-01
5.009817481040954590e-01
4.708223938941955566e-01
6.137768626213073730e-01
5.500574111938476562e-01
3.919368088245391846e-01
3.234614431858062744e-01
5.551788806915283203e-01
6.294262409210205078e-01
4.743594825267791748e-01
5.274193882942199707e-01
4.424223899841308594e-01
5.215680003166198730e-01
3.604809045791625977e-01
5.377857089042663574e-01
3.846535682678222656e-01
4.513400495052337646e-01
4.492520093917846680e-01
4.455398917198181152e-01
3.947309851646423340e-01
3.276203274726867676e-01
5.267832279205322266e-01
3.693247139453887939e-01
3.923220336437225342e-01
4.031291306018829346e-01
3.122425079345703125e-01
4.747993648052215576e-01
4.996817111968994141e-01
6.105797290802001953e-01
4.984731972217559814e-01
4.716543555259704590e-01
5.164860486984252930e-01
3.707402050495147705e-01
4.735991954803466797e-01
3.189281821250915527e-01
4.359929561614990234e-01
3.865056037902832031e-01
3.997220396995544434e-01
4.122554361820220947e-01
4.333098232746124268e-01
3.330856859683990479e-01
4.622337222099304199e-01
2.690628767013549805e-01
3.500458896160125732e-01
5.411528348922729492e-01
3.675407469272613525e-01
4.052797555923461914e-01
3.597681522369384766e-01
4.702032804489135742e-01
3.197571933269500732e-01
4.858761429786682129e-01
3.527885675430297852e-01
3.214769661426544189e-01
3.890032470226287842e-01
6.672115921974182129e-01
3.894247114658355713e-01
3.521517515182495117e-01
4.875850379467010498e-01
6.554254293441772461e-01
3.571028411388397217e-01
4.548021852970123291e-01
5.040329694747924805e-01
3.850164115428924561e-01
4.219352304935455322e-01
4.106100797653198242e-01
3.581538200378417969e-01
4.707240164279937744e-01
4.614589214324951172e-01
3.562829196453094482e-01
4.972385168075561523e-01
3.189769387245178223e-01
4.804289937019348145e-01
6.385030150413513184e-01
3.727324008941650391e-01
4.202149808406829834e-01
4.615318477153778076e-01
3.197182714939117432e-01
3.356479108333587646e-01
4.544304311275482178e-01
5.185783505439758301e-01
3.374849855899810791e-01
3.137635886669158936e-01
4.480139911174774170e-01
4.025702476501464844e-01
3.507412075996398926e-01
6.199461221694946289e-01
7.061764597892761230e-01
3.946421444416046143e-01
3.692227303981781006e-01
4.544949233531951904e-01
5.760965943336486816e-01
4.972401261329650879e-01
4.043959975242614746e-01
4.941346943378448486e-01
4.001475572586059570e-01
4.036866724491119385e-01
4.954768717288970947e-01
4.570636153221130371e-01
3.986135721206665039e-01
3.683681190013885498e-01
4.848100543022155762e-01
3.931000530719757080e-01
3.512667715549468994e-01
4.321268200874328613e-01
4.755699634552001953e-01
3.373450934886932373e-01
4.914961457252502441e-01
4.680975675582885742e-01
3.136905133724212646e-01
3.907075822353363037e-01
4.838918447494506836e-01
5.627431273460388184e-01
2.778249382972717285e-01
4.315005242824554443e-01
3.356353044509887695e-01
3.530842065811157227e-01
3.340940475463867188e-01
3.020851314067840576e-01
4.546017646789550781e-01
3.906630873680114746e-01
5.008977651596069336e-01
3.669854402542114258e-01
2.558286190032958984e-01
5.100030899047851562e-01
5.067999362945556641e-01
2.547948062419891357e-01
4.153550863265991211e-01
3.361965417861938477e-01
4.986982047557830811e-01
5.547028779983520508e-01
5.508670210838317871e-01
2.777114212512969971e-01
4.529112577438354492e-01
4.560675621032714844e-01
3.897444307804107666e-01
3.784393668174743652e-01
3.715059459209442139e-01
4.696697592735290527e-01
3.641061484813690186e-01
4.637173116207122803e-01
4.745579957962036133e-01
2.935509383678436279e-01
5.045360922813415527e-01
5.078306198120117188e-01
2.609007954597473145e-01
4.474173784255981445e-01
4.500601291656494141e-01
2.562621235847473145e-01
3.762078285217285156e-01
4.267365634441375732e-01
2.251482456922531128e-01
5.088700652122497559e-01
2.337687164545059204e-01
3.975598216056823730e-01
2.227317392826080322e-01
5.124696493148803711e-01
4.236900806427001953e-01
2.530365288257598877e-01
4.086216092109680176e-01
3.115080296993255615e-01
3.837532997131347656e-01
2.604137063026428223e-01
3.641628623008728027e-01
3.433920741081237793e-01
6.069385409355163574e-01
4.115466773509979248e-01
4.308605790138244629e-01
3.403119444847106934e-01
2.636364698410034180e-01
5.351273417472839355e-01
2.676042914390563965e-01
2.732789218425750732e-01
3.595616221427917480e-01
4.028964638710021973e-01
3.955462276935577393e-01
5.369160175323486328e-01
4.018626213073730469e-01
3.291922807693481445e-01
2.635520696640014648e-01
3.712635040283203125e-01
4.183566272258758545e-01
3.763848543167114258e-01
4.123704731464385986e-01
3.586720228195190430e-01
4.226883947849273682e-01
3.100101053714752197e-01
3.074302077293395996e-01
3.365021049976348877e-01
3.238947689533233643e-01
5.532232522964477539e-01
3.052354753017425537e-01
6.117461323738098145e-01
6.161344647407531738e-01
3.087034225463867188e-01
3.938203454017639160e-01
5.735759139060974121e-01
2.510903179645538330e-01
4.223370850086212158e-01
3.182013034820556641e-01
3.497227728366851807e-01
5.741087794303894043e-01
5.413665771484375000e-01
4.042362570762634277e-01
3.791400194168090820e-01
4.437578022480010986e-01
4.971748292446136475e-01
3.172510564327239990e-01
4.130012392997741699e-01
4.090134203433990479e-01
4.036314189434051514e-01
2.949474155902862549e-01
2.562286853790283203e-01
5.881360173225402832e-01
2.855651378631591797e-01
3.260829448699951172e-01
4.717875719070434570e-01
3.510176539421081543e-01
3.154941201210021973e-01
5.086618661880493164e-01
3.308496773242950439e-01
3.016550540924072266e-01
4.098505377769470215e-01
3.060591518878936768e-01
3.143453299999237061e-01
2.903102636337280273e-01
3.100741803646087646e-01
5.662686228752136230e-01
3.844276666641235352e-01
3.497058749198913574e-01
4.968726038932800293e-01
3.657838404178619385e-01
3.756709396839141846e-01
5.032658576965332031e-01
3.997395038604736328e-01
5.003393888473510742e-01
3.867730796337127686e-01
4.241282343864440918e-01
3.151338696479797363e-01
5.427812933921813965e-01
2.585709095001220703e-01
5.181378722190856934e-01
3.046479821205139160e-01
1.881559491157531738e-01
4.659215807914733887e-01
3.240387141704559326e-01
4.391237199306488037e-01
4.715213477611541748e-01
4.919231832027435303e-01
3.748176991939544678e-01
4.367535114288330078e-01
3.329656124114990234e-01
5.778338909149169922e-01
3.782039880752563477e-01
3.517868518829345703e-01
5.047580003738403320e-01
3.056678473949432373e-01
3.449266552925109863e-01
6.141319870948791504e-01
2.738763988018035889e-01
2.684909105300903320e-01
4.449849128723144531e-01
4.548810422420501709e-01
3.722913861274719238e-01
2.839117646217346191e-01
2.768344581127166748e-01
2.743492722511291504e-01
3.275253176689147949e-01
4.039120972156524658e-01
3.952361643314361572e-01
3.301048874855041504e-01
4.791306257247924805e-01
3.929708600044250488e-01
4.851182699203491211e-01
3.160140812397003174e-01
4.350942969322204590e-01
3.197188377380371094e-01
3.425013720989227295e-01
4.300185441970825195e-01
3.215548098087310791e-01
2.102379798889160156e-01
3.629052340984344482e-01
4.671521186828613281e-01
3.879795372486114502e-01
2.772482633590698242e-01
2.784984707832336426e-01
2.348952591419219971e-01
4.108942151069641113e-01
3.077929317951202393e-01
3.525282740592956543e-01
2.788881659507751465e-01
2.021470367908477783e-01
3.360743522644042969e-01
4.035162627696990967e-01
2.471030503511428833e-01
3.504033982753753662e-01
3.477913141250610352e-01
1.803384870290756226e-01
4.313514828681945801e-01
5.063030123710632324e-01
1.996342539787292480e-01
3.631248474121093750e-01
3.716790080070495605e-01
3.680514097213745117e-01
3.359758853912353516e-01
1.907638609409332275e-01
3.216667473316192627e-01
4.206627905368804932e-01
3.927526175975799561e-01
2.828790843486785889e-01
3.282641768455505371e-01
4.546479582786560059e-01
3.025199472904205322e-01
4.873400628566741943e-01
3.979974985122680664e-01
3.627660870552062988e-01
3.707300126552581787e-01
4.280307888984680176e-01
4.256682395935058594e-01
2.353527247905731201e-01
2.600163221359252930e-01
2.802616059780120850e-01
2.069290876388549805e-01
6.055135130882263184e-01
3.567180931568145752e-01
2.752863466739654541e-01
6.448511481285095215e-01
3.303995430469512939e-01
4.586685299873352051e-01
4.071012735366821289e-01
4.941933155059814453e-01
3.419790267944335938e-01
4.704983830451965332e-01
3.316769003868103027e-01
4.797769188880920410e-01
2.597877681255340576e-01
3.879449963569641113e-01
5.525129437446594238e-01
3.757797777652740479e-01
3.863955736160278320e-01
2.778525054454803467e-01
3.293099403381347656e-01
3.842367827892303467e-01
4.840620756149291992e-01
3.588241636753082275e-01
2.560890614986419678e-01
3.510365486145019531e-01
4.574724733829498291e-01
3.300651013851165771e-01
4.584281742572784424e-01
3.342671096324920654e-01
5.015903115272521973e-01
4.212746620178222656e-01
3.392061591148376465e-01
4.205624759197235107e-01
3.476989865303039551e-01
2.418914139270782471e-01
4.082919955253601074e-01
4.107137918472290039e-01
3.923425078392028809e-01
2.781586349010467529e-01
4.254917204380035400e-01
3.982284665107727051e-01
3.217789232730865479e-01
3.026173412799835205e-01
4.103464484214782715e-01
2.077472358942031860e-01
3.216683268547058105e-01
2.628144621849060059e-01
3.321947157382965088e-01
4.472989737987518311e-01
3.514780402183532715e-01
2.452851235866546631e-01
2.461089789867401123e-01
4.079456329345703125e-01
5.875586271286010742e-01
2.710936963558197021e-01
4.103925824165344238e-01
3.428299129009246826e-01
3.238834440708160400e-01
3.391480445861816406e-01
5.406515598297119141e-01
2.214646488428115845e-01
3.748426139354705811e-01
2.543942630290985107e-01
3.324548006057739258e-01
4.523946642875671387e-01
4.767066836357116699e-01
3.450102210044860840e-01
5.204862952232360840e-01
5.281302928924560547e-01
3.766829669475555420e-01
2.689585685729980469e-01
3.204108178615570068e-01
2.297097593545913696e-01
3.873959779739379883e-01
3.830392360687255859e-01
2.463004738092422485e-01
2.715874314308166504e-01
4.984433948993682861e-01
4.457044601440429688e-01
4.677444696426391602e-01
3.752594888210296631e-01
3.864894211292266846e-01
4.982104897499084473e-01
5.263794064521789551e-01
2.558631002902984619e-01
4.699609279632568359e-01
2.682277560234069824e-01
3.199238181114196777e-01
2.811406552791595459e-01
4.567434191703796387e-01
4.163582026958465576e-01
4.101277887821197510e-01
2.094749659299850464e-01
1.846460551023483276e-01
5.619082450866699219e-01
3.990598618984222412e-01
2.870070636272430420e-01
3.030927479267120361e-01
2.914585471153259277e-01
2.581071555614471436e-01
5.461053848266601562e-01
2.280823588371276855e-01
5.502917766571044922e-01
3.865156173706054688e-01
3.404822051525115967e-01
4.033734500408172607e-01
4.783108830451965332e-01
2.636186182498931885e-01
2.412226796150207520e-01
5.355154275894165039e-01
1.963451355695724487e-01
5.766503214836120605e-01
3.854121565818786621e-01
4.155257046222686768e-01
3.840844929218292236e-01
3.522611856460571289e-01
3.892423510551452637e-01
2.281609028577804565e-01
3.266420364379882812e-01
3.368462026119232178e-01
2.737611830234527588e-01
4.161162376403808594e-01
3.405682146549224854e-01
5.050753951072692871e-01
2.252087742090225220e-01
3.941409885883331299e-01
4.532545506954193115e-01
4.860331118106842041e-01
3.863086104393005371e-01
3.384177982807159424e-01
2.409543097019195557e-01
3.330350518226623535e-01
3.474278748035430908e-01
2.338593006134033203e-01
4.439049363136291504e-01
3.055351674556732178e-01
2.669949233531951904e-01
2.720495760440826416e-01
4.197390973567962646e-01
3.673209846019744873e-01
3.985404074192047119e-01
2.055365294218063354e-01
3.813325762748718262e-01
4.822469651699066162e-01
4.857626557350158691e-01
2.183658480644226074e-01
1.655616760253906250e-01
4.666914343833923340e-01
2.896357178688049316e-01
5.030843019485473633e-01
5.005922317504882812e-01
1.920327842235565186e-01
3.114763200283050537e-01
4.508103728294372559e-01
4.430163204669952393e-01
3.554533123970031738e-01
2.413145750761032104e-01
3.145157992839813232e-01
4.935030043125152588e-01
3.501789569854736328e-01
2.966873943805694580e-01
2.217193394899368286e-01
3.656230270862579346e-01
4.940172135829925537e-01
3.348872959613800049e-01
3.864605426788330078e-01
3.786834478378295898e-01
2.770945131778717041e-01
3.925602436065673828e-01
2.250083088874816895e-01
5.816868543624877930e-01
3.162610530853271484e-01
5.151794552803039551e-01
3.001445233821868896e-01
4.073925316333770752e-01
3.532276153564453125e-01
3.258151412010192871e-01
4.559251368045806885e-01
4.340586364269256592e-01
1.679200381040573120e-01
3.311171233654022217e-01
3.005730211734771729e-01
1.809538006782531738e-01
5.346413254737854004e-01
5.311269164085388184e-01
3.506854176521301270e-01
4.921590685844421387e-01
2.923636734485626221e-01
3.558806180953979492e-01
3.858476877212524414e-01
4.409628808498382568e-01
4.005994796752929688e-01
3.328611850738525391e-01
3.280458152294158936e-01
3.124390840530395508e-01
3.443351984024047852e-01
3.183769583702087402e-01
4.303259849548339844e-01
3.342521190643310547e-01
2.636358439922332764e-01
3.823505938053131104e-01
2.206933349370956421e-01
